%%MatrixMarket matrix coordinate real general
%
998 998 40922
1 1 1
1 3 0.27942815
1 40 0.25246868
1 47 0.25377402
1 506 0.26503983
2 2 1
2 3 0.37998873
2 4 0.38138312
2 10 0.35744601
2 11 0.29001391
2 20 0.42052293
2 21 0.43106261
2 41 0.29551768
2 321 -0.27402201
2 322 -0.26442638
2 478 0.2544927
2 488 0.25194526
2 489 0.30212384
2 492 0.27396268
2 493 0.25258166
2 502 0.26811874
2 503 0.25490719
2 506 0.38612914
2 507 0.31806037
2 508 0.2831828
2 521 0.27269107
3 1 0.27942815
3 2 0.37998873
3 3 1
3 40 0.25093403
3 503 0.25012833
3 506 0.29926372
3 507 0.25061312
4 2 0.38138312
4 4 1
4 5 0.50536686
4 6 0.34600076
4 7 0.37917441
4 8 0.33290976
4 9 0.27588809
4 10 0.43069944
4 13 0.32476556
4 14 0.3349641
4 17 0.32271257
4 21 0.30603087
4 28 0.37692338
4 29 0.37748152
4 30 0.40141416
4 31 0.32098874
4 33 0.34163088
4 34 0.27002811
4 268 -0.25992507
4 273 -0.28391883
4 321 -0.28746253
4 322 -0.28279701
4 359 0.26152161
4 408 0.33693764
4 409 0.31079593
4 411 0.33227873
4 412 0.2625601
4 417 0.26859671
4 418 0.32948539
4 420 0.25328645
4 422 0.36671603
4 423 0.34750143
4 433 0.34204933
4 434 0.40972984
4 435 0.35705322
4 436 0.35309985
4 437 0.38184997
4 439 0.29870099
4 447 0.32614735
4 449 0.27365294
4 450 0.30490234
4 451 0.31867939
4 452 0.25343302
4 454 0.30764869
4 455 0.25298589
4 456 0.31612042
4 457 0.30886388
4 458 0.30888507
4 459 0.26506239
4 465 0.31165949
4 491 0.30228701
4 492 0.2933065
4 494 0.27825466
4 495 0.26793715
4 496 0.26400059
4 497 0.42292151
4 502 0.35588557
4 508 0.29748905
4 510 0.25275663
4 511 0.36622167
4 512 0.4088524
4 513 0.28041968
4 514 0.39112607
4 517 0.32104164
4 521 0.26544556
4 529 0.31781417
4 530 0.38168684
4 531 0.36432058
4 532 0.40572095
4 533 0.25048408
4 535 0.34206128
4 536 0.28180605
4 771 -0.25552338
4 774 -0.25633529
4 780 -0.25809366
4 781 -0.27745238
4 793 -0.26171026
4 796 -0.25387254
4 826 -0.28919113
4 860 0.30085307
4 863 0.32514602
4 903 0.28580016
4 905 0.28271663
4 906 0.27954799
4 907 0.35376984
4 910 0.25469604
4 916 0.32815129
4 917 0.29897824
4 918 0.29577267
4 927 0.27623397
4 929 0.2529071
4 931 0.3816641
4 932 0.29739228
4 933 0.36369276
4 934 0.44682541
4 935 0.42944956
4 936 0.32595381
4 937 0.43802771
4 938 0.29507583
4 939 0.28441522
4 945 0.27692866
4 947 0.31616452
4 948 0.29785231
4 949 0.34650499
4 950 0.38446513
4 951 0.31143945
4 953 0.30809727
4 954 0.31278229
4 956 0.25458872
4 959 0.29679263
5 4 0.50536686
5 5 1
5 6 0.44144589
5 7 0.43940601
5 8 0.35365012
5 9 0.29187107
5 10 0.28790569
5 13 0.3157323
5 17 0.31216282
5 28 0.31772837
5 29 0.28780025
5 30 0.25792256
5 31 0.27964556
5 279 -0.25502807
5 289 -0.25205392
5 423 0.28259361
5 434 0.28061277
5 450 0.26437858
5 508 0.27636483
5 511 0.31623721
5 512 0.34356171
5 514 0.34306347
5 517 0.26303214
5 529 0.28437018
5 530 0.37225723
5 531 0.37716526
5 532 0.35951933
5 535 0.29557937
5 536 0.25667161
5 860 0.25249523
5 863 0.31660393
5 864 0.28991014
5 905 0.27808994
5 906 0.25702325
5 907 0.26343042
5 926 0.27114135
5 929 0.27728766
5 931 0.29341659
5 934 0.28697699
5 935 0.32212609
5 936 0.26152402
5 937 0.28962526
5 944 0.25130314
5 945 0.29512137
5 947 0.29953569
5 948 0.27420968
5 950 0.29165745
5 953 0.27178758
5 954 0.30105045
5 959 0.28508565
6 4 0.34600073
6 5 0.44144583
6 6 1
6 7 0.49100742
6 8 0.48743033
6 13 0.29518384
6 14 0.29558977
6 17 0.32080734
6 19 0.25607634
6 28 0.37696481
6 29 0.34273368
6 30 0.34372872
6 33 0.32193515
6 408 0.29770261
6 409 0.28716779
6 411 0.25609928
6 423 0.25485519
6 433 0.33008835
6 434 0.34137994
6 435 0.2984716
6 436 0.2953819
6 437 0.32923323
6 450 0.27218276
6 501 0.28868288
6 502 0.27918768
6 508 0.26370162
6 511 0.32898682
6 512 0.3931967
6 514 0.33650127
6 520 0.25607544
6 529 0.31167167
6 530 0.36037686
6 531 0.42456466
6 532 0.38782713
6 535 0.26849169
6 854 0.25805932
6 855 0.26627889
6 860 0.27225155
6 863 0.30527139
6 864 0.26343697
6 903 0.27531141
6 906 0.25297463
6 907 0.30040342
6 916 0.2786108
6 918 0.26197675
6 929 0.27531123
6 931 0.29052505
6 932 0.27517012
6 933 0.32401311
6 934 0.38623983
6 935 0.39163753
6 936 0.27838418
6 937 0.29965481
6 945 0.2567549
6 947 0.29073983
6 949 0.25736541
6 950 0.26727182
6 951 0.25249094
6 953 0.25922114
6 954 0.29068032
7 4 0.37917441
7 5 0.43940601
7 6 0.49100742
7 7 1
7 8 0.62521315
7 9 0.38049215
7 10 0.31967652
7 13 0.47653288
7 14 0.37036031
7 17 0.37359503
7 19 0.26093486
7 28 0.42616111
7 29 0.40084472
7 30 0.45758858
7 31 0.35016078
7 33 0.39795044
7 46 -0.26024678
7 408 0.32780233
7 409 0.28554806
7 418 0.27410507
7 423 0.25028926
7 433 0.34578183
7 434 0.42010725
7 435 0.3488006
7 436 0.33194977
7 437 0.38610506
7 439 0.26396397
7 447 0.28091767
7 449 0.26407728
7 450 0.32077426
7 451 0.30663735
7 454 0.2561093
7 456 0.26220766
7 458 0.25597841
7 465 0.26430154
7 501 0.28543752
7 502 0.32271194
7 508 0.28589481
7 510 0.34218958
7 511 0.40718418
7 512 0.42885643
7 514 0.38528174
7 517 0.32416615
7 519 0.30117553
7 529 0.35389733
7 530 0.3932085
7 531 0.37643558
7 532 0.42285389
7 533 0.29701531
7 535 0.2946392
7 572 -0.27079239
7 792 -0.27963555
7 854 0.25128859
7 860 0.25610885
7 863 0.33235961
7 903 0.27324298
7 906 0.27662581
7 907 0.30398256
7 917 0.27709714
7 918 0.29795274
7 929 0.28842014
7 931 0.28882015
7 932 0.26487917
7 933 0.32041797
7 934 0.36136836
7 935 0.40755114
7 936 0.26929113
7 937 0.33316576
7 945 0.2677334
7 947 0.31246904
7 949 0.25509852
7 950 0.260308
7 954 0.26637655
8 4 0.33290976
8 5 0.35365012
8 6 0.48743033
8 7 0.62521315
8 8 1
8 9 0.28573075
8 10 0.26169881
8 13 0.55967975
8 14 0.44075388
8 17 0.37171203
8 19 0.29518026
8 28 0.42697152
8 29 0.41240078
8 30 0.46694773
8 31 0.34048283
8 33 0.44315997
8 34 0.29206777
8 35 0.26878142
8 46 -0.26153934
8 408 0.31510645
8 409 0.3027797
8 433 0.28547451
8 434 0.38690734
8 435 0.35680324
8 436 0.32998961
8 437 0.36362794
8 439 0.25105494
8 447 0.25159964
8 449 0.2663576
8 450 0.3101922
8 451 0.29804358
8 454 0.26049581
8 456 0.27033332
8 458 0.27294949
8 465 0.25394598
8 501 0.3015869
8 502 0.30586582
8 510 0.36031547
8 511 0.46949095
8 512 0.45102328
8 514 0.38657808
8 517 0.2561774
8 519 0.25043482
8 529 0.35562891
8 530 0.42682344
8 531 0.43064761
8 532 0.4205853
8 533 0.32670364
8 535 0.28874329
8 752 -0.25732923
8 855 0.26008525
8 863 0.3114447
8 903 0.34551483
8 906 0.2943826
8 907 0.36564073
8 916 0.29679668
8 918 0.31117603
8 919 0.25003955
8 926 0.25699496
8 929 0.25729907
8 931 0.28020805
8 932 0.32759911
8 933 0.3184737
8 934 0.41088748
8 935 0.42714956
8 936 0.27705163
8 937 0.33190426
8 938 0.28350621
8 947 0.32476401
8 950 0.26777938
8 951 0.27193639
8 954 0.27392831
9 4 0.27588809
9 5 0.2918711
9 7 0.38049215
9 8 0.28573075
9 9 1
9 10 0.37282789
9 13 0.33138895
9 14 0.28748682
9 17 0.34239081
9 30 0.25177386
9 33 0.2538138
9 514 0.27810508
9 517 0.29627743
9 531 0.27279225
9 532 0.2561377
10 2 0.35744601
10 4 0.43069944
10 5 0.28790569
10 7 0.31967655
10 8 0.26169881
10 9 0.37282789
10 10 1
10 13 0.35413557
10 14 0.36041385
10 17 0.29521522
10 21 0.30228701
10 28 0.27055874
10 29 0.29383653
10 30 0.33629784
10 31 0.36249334
10 33 0.320748
10 447 0.26562321
10 465 0.25163656
10 502 0.3524633
10 507 0.32820207
10 508 0.25845903
10 510 0.3142359
10 511 0.30913118
10 512 0.33140677
10 514 0.32255536
10 517 0.26337042
10 529 0.25924915
10 530 0.28923041
10 531 0.34276161
10 532 0.35819384
10 533 0.32385451
10 932 0.27516085
10 934 0.29788768
10 937 0.39227608
11 2 0.29001391
11 11 1
11 20 0.45194784
11 21 0.29633972
12 12 1
13 4 0.32476556
13 5 0.3157323
13 6 0.29518381
13 7 0.47653288
13 8 0.55967975
13 9 0.33138895
13 10 0.35413554
13 13 1
13 14 0.57100868
13 17 0.44898558
13 28 0.34595317
13 29 0.34539562
13 30 0.4561688
13 31 0.3175779
13 33 0.48379439
13 34 0.29229835
13 49 -0.25345591
13 408 0.2900165
13 409 0.25508961
13 434 0.35502863
13 435 0.30976206
13 436 0.28866437
13 437 0.29014748
13 447 0.29271802
13 449 0.29572007
13 450 0.32524729
13 451 0.3534902
13 454 0.29534173
13 458 0.25471723
13 465 0.28349292
13 492 0.25559607
13 502 0.29554415
13 510 0.32103905
13 511 0.40623611
13 512 0.40352091
13 514 0.37859625
13 517 0.32348239
13 529 0.30994418
13 530 0.36425102
13 531 0.42833734
13 532 0.39737168
13 533 0.32671374
13 535 0.27213839
13 547 -0.28295484
13 551 -0.28512022
13 572 -0.25967389
13 641 -0.25257155
13 752 -0.25740051
13 863 0.28716359
13 903 0.31465432
13 907 0.3235966
13 916 0.29601613
13 926 0.26340786
13 931 0.28016955
13 932 0.32009855
13 933 0.27650827
13 934 0.34264994
13 935 0.32240048
13 936 0.25981149
13 937 0.25379094
13 947 0.33533674
13 949 0.25031725
13 950 0.27635112
14 4 0.3349641
14 6 0.29558975
14 7 0.37036031
14 8 0.44075388
14 9 0.28748682
14 10 0.36041385
14 13 0.57100868
14 14 1
14 16 0.29675263
14 17 0.59815127
14 18 0.3343944
14 19 0.32948971
14 21 0.30540487
14 25 0.27511436
14 28 0.34996659
14 29 0.38702339
14 30 0.50323653
14 31 0.36398616
14 33 0.56173295
14 34 0.41707936
14 35 0.27172717
14 37 0.25124601
14 49 -0.25084785
14 408 0.30949336
14 409 0.25102359
14 433 0.26724127
14 434 0.32340062
14 435 0.33114204
14 436 0.2949543
14 437 0.29128397
14 447 0.2883386
14 449 0.27822858
14 450 0.27606919
14 451 0.31851259
14 454 0.29875743
14 457 0.31036428
14 458 0.26348722
14 465 0.2786901
14 492 0.30334145
14 497 0.25948507
14 502 0.38772464
14 508 0.28556138
14 510 0.37107518
14 511 0.40681586
14 512 0.47055045
14 513 0.34114307
14 514 0.42877254
14 517 0.38320547
14 519 0.29518101
14 529 0.2748847
14 530 0.36748764
14 531 0.46134076
14 532 0.44210291
14 533 0.32309824
14 535 0.4068996
14 536 0.3791129
14 547 -0.29496035
14 551 -0.31130785
14 572 -0.31502786
14 641 -0.25367135
14 728 -0.26102108
14 752 -0.30908543
14 769 -0.25843772
14 774 -0.25950918
14 775 -0.26880929
14 792 -0.25864136
14 903 0.27605695
14 907 0.27590635
14 916 0.27637988
14 932 0.28432488
14 933 0.283636
14 934 0.27104393
14 935 0.2922681
14 937 0.28421798
15 15 1
15 16 0.3404336
16 14 0.29675263
16 15 0.34043357
16 16 1
16 17 0.43798241
16 19 0.4523077
16 24 0.37061852
16 25 0.28024101
16 29 0.26006782
16 30 0.31203637
16 33 0.27331263
16 512 0.31099498
16 514 0.3649317
16 517 0.34039211
16 518 0.25565863
16 530 0.27431369
16 531 0.26038823
16 532 0.32831851
16 535 0.2815977
16 792 -0.25645655
17 4 0.32271251
17 5 0.31216282
17 6 0.32080737
17 7 0.373595
17 8 0.37171203
17 9 0.34239081
17 10 0.29521522
17 13 0.44898564
17 14 0.59815127
17 16 0.43798241
17 17 1
17 18 0.37511486
17 19 0.4665134
17 24 0.30203542
17 25 0.35960671
17 28 0.3282451
17 29 0.3474701
17 30 0.40064603
17 31 0.30371395
17 33 0.40517458
17 34 0.28231236
17 58 0.26589721
17 502 0.29695353
17 507 0.25493437
17 508 0.32686925
17 510 0.28712252
17 511 0.3489823
17 512 0.43035632
17 513 0.40545446
17 514 0.47732615
17 515 0.27566871
17 516 0.29444247
17 517 0.47681889
17 519 0.25531426
17 520 0.26446539
17 521 0.27322268
17 529 0.2582038
17 530 0.35063133
17 531 0.46810961
17 532 0.41260108
17 533 0.35121912
17 535 0.36492819
17 536 0.36179224
17 547 -0.28767225
17 572 -0.25968742
17 576 -0.26044431
17 752 -0.25068247
17 771 -0.25648403
17 792 -0.25149941
18 14 0.3343944
18 17 0.37511486
18 18 1
18 19 0.45742029
18 24 0.26138464
18 25 0.25069189
18 33 0.26465634
18 34 0.26301771
18 37 0.35914159
18 58 0.26652724
18 513 0.2760224
18 520 0.36277851
18 527 0.37492999
18 528 0.33758014
18 536 0.38713875
18 576 -0.26213267
18 752 -0.30595601
18 769 -0.25009322
18 771 -0.32809719
18 774 -0.25933924
18 792 -0.25026768
19 6 0.2560764
19 7 0.26093483
19 8 0.29518026
19 14 0.32948971
19 16 0.45230776
19 17 0.4665134
19 18 0.45742026
19 19 1
19 21 0.25032738
19 24 0.27808553
19 25 0.37353116
19 30 0.26714569
19 33 0.26730371
19 58 0.40698034
19 59 0.34765366
19 60 0.31238183
19 502 0.26227361
19 512 0.25867671
19 513 0.29039621
19 514 0.311095
19 517 0.33227915
19 518 0.37882876
19 519 0.40063953
19 520 0.35736328
19 527 0.33287466
19 528 0.34811285
19 530 0.26308531
19 531 0.26528662
19 532 0.3150999
19 535 0.28718066
19 536 0.29022798
19 559 0.25655565
19 771 -0.26233763
19 792 -0.26519221
20 2 0.42052293
20 11 0.45194784
20 20 1
20 21 0.60424393
20 22 0.41135317
20 23 0.26371551
20 40 0.25823107
20 41 0.39896452
20 42 0.31299666
20 44 0.37344104
20 51 0.26304466
20 52 0.28980163
20 53 0.28803685
20 313 -0.26152307
20 486 0.28084859
20 488 0.26889974
20 489 0.26781026
20 506 0.28781769
20 508 0.25943136
20 521 0.31268474
21 2 0.43106261
21 4 0.30603087
21 10 0.30228701
21 11 0.29633969
21 14 0.30540484
21 19 0.25032735
21 20 0.60424393
21 21 1
21 22 0.48647404
21 23 0.32172066
21 29 0.25372356
21 30 0.31721139
21 31 0.26131642
21 33 0.28168121
21 40 0.25199896
21 41 0.58534116
21 42 0.29128164
21 43 0.25943819
21 44 0.46456414
21 45 0.34622946
21 52 0.30203345
21 53 0.37906256
21 54 0.32615858
21 55 0.26230419
21 141 0.30280182
21 177 -0.27665082
21 239 -0.28894675
21 240 -0.25469464
21 249 0.32503217
21 250 0.26429617
21 260 -0.29411998
21 273 -0.29767662
21 274 -0.25194913
21 312 -0.26700369
21 313 -0.34278399
21 314 -0.25459158
21 321 -0.2884326
21 322 -0.32297152
21 447 0.30882147
21 453 0.2725561
21 454 0.26266775
21 457 0.26300877
21 458 0.28138903
21 459 0.27934209
21 461 0.25568303
21 463 0.26760334
21 464 0.26958552
21 466 0.32653642
21 471 0.39868453
21 472 0.34550887
21 477 0.32550985
21 478 0.33550042
21 479 0.27227932
21 482 0.27960461
21 483 0.25287384
21 486 0.35901317
21 488 0.278357
21 489 0.32904705
21 492 0.36229539
21 495 0.29931706
21 502 0.35347357
21 506 0.36944598
21 507 0.26160833
21 508 0.34962696
21 510 0.25409719
21 521 0.37975538
21 522 0.26665285
21 542 0.26809555
21 565 -0.27282709
21 572 -0.29287946
21 619 -0.25990772
21 634 -0.26198491
21 721 -0.25450587
21 728 -0.27050716
21 731 -0.2903288
21 733 -0.29914945
21 752 -0.27186137
21 763 -0.29459995
21 764 -0.25243399
21 769 -0.32435995
21 771 -0.29567811
21 774 -0.2985639
21 775 -0.29793763
21 776 -0.25374156
21 780 -0.28373808
21 781 -0.28184295
21 792 -0.25024039
21 793 -0.25666362
21 795 -0.27525324
21 796 -0.2762951
21 812 -0.28240058
21 814 -0.2569958
21 815 -0.26910079
21 825 -0.30727956
21 826 -0.33750015
22 20 0.41135311
22 21 0.48647404
22 22 1
22 23 0.49031162
22 24 0.35480076
22 41 0.41219535
22 42 0.30450183
22 53 0.28414506
22 67 0.25028822
22 506 0.27992874
22 521 0.32852662
22 522 0.35292694
22 523 0.30477446
22 524 0.29730225
23 20 0.26371551
23 21 0.32172066
23 22 0.49031168
23 23 1
23 24 0.33148602
23 25 0.45385161
23 41 0.47888508
23 42 0.42908278
23 43 0.34810042
23 44 0.30705002
23 45 0.33446172
23 53 0.27967057
23 54 0.36743301
23 55 0.25428089
23 60 0.27308887
23 66 0.36968088
23 67 0.47045422
23 74 0.26852712
23 76 0.26964265
23 77 0.27369881
23 251 0.25572354
23 286 0.25613868
23 290 0.25957379
23 523 0.39056438
23 524 0.32703701
23 525 0.36470443
24 16 0.37061852
24 17 0.30203542
24 18 0.26138464
24 19 0.27808553
24 22 0.35480076
24 23 0.33148602
24 24 1
24 25 0.39106551
24 508 0.26920387
24 514 0.26163229
24 520 0.2550796
24 535 0.25648898
25 14 0.27511436
25 16 0.28024104
25 17 0.35960671
25 18 0.25069189
25 19 0.37353116
25 23 0.45385161
25 24 0.39106551
25 25 1
25 37 0.26144701
25 58 0.34954923
25 59 0.32197696
25 60 0.54630131
25 66 0.39650089
25 514 0.25923431
25 517 0.33354637
25 518 0.36346227
25 519 0.27699411
25 524 0.31977612
25 526 0.27689555
25 559 0.26531321
25 560 0.27533618
25 561 0.27361342
26 26 1
26 27 0.500687
26 35 0.28168809
26 37 0.39374208
26 38 0.54092395
26 39 0.32059866
26 58 0.275543
26 59 0.26804757
26 80 0.26938781
26 206 0.27946067
26 520 0.28747496
26 527 0.30148357
26 536 0.35751945
26 539 0.25707588
26 540 0.33876118
26 559 0.25612408
26 578 0.25330085
26 579 0.28039998
27 26 0.500687
27 27 1
27 34 0.30748564
27 35 0.25622803
27 37 0.3928389
27 38 0.46994323
27 39 0.38800102
27 47 -0.25187123
27 58 0.44403401
27 80 0.38478607
27 205 0.25975126
27 519 0.28137383
27 520 0.37802365
27 527 0.34172529
27 528 0.32077786
27 535 0.27893335
27 536 0.36596549
27 540 0.40845495
27 559 0.31477672
27 578 0.29960662
27 579 0.37557152
27 582 0.26852852
27 752 -0.2554689
28 4 0.37692341
28 5 0.31772837
28 6 0.37696481
28 7 0.42616111
28 8 0.42697152
28 10 0.27055874
28 13 0.34595317
28 14 0.34996659
28 17 0.3282451
28 28 1
28 29 0.60949433
28 30 0.54203904
28 31 0.44329816
28 33 0.46016979
28 34 0.3106162
28 35 0.27611586
28 322 -0.25105816
28 359 0.26109368
28 408 0.38009268
28 409 0.3250224
28 411 0.32012373
28 418 0.27924189
28 432 0.2523694
28 433 0.36797267
28 434 0.4544054
28 435 0.41308776
28 436 0.37702295
28 437 0.43247259
28 438 0.25867152
28 439 0.37163612
28 447 0.29443032
28 449 0.27312943
28 450 0.32666451
28 451 0.29447171
28 454 0.25513852
28 457 0.28506377
28 458 0.274088
28 492 0.30028325
28 497 0.26881367
28 502 0.37801462
28 508 0.28178981
28 510 0.34401247
28 511 0.43773466
28 512 0.47293124
28 513 0.27652523
28 514 0.41124606
28 517 0.34456581
28 519 0.28239197
28 529 0.5009619
28 530 0.45602837
28 531 0.41766152
28 532 0.48428041
28 533 0.34383169
28 535 0.33585244
28 536 0.25398421
28 547 -0.26279038
28 551 -0.29288548
28 572 -0.27946979
28 576 -0.27375382
28 641 -0.27351087
28 751 -0.25152439
28 752 -0.27862036
28 781 -0.26281986
28 790 -0.27089208
28 792 -0.25966781
28 796 -0.2743707
28 855 0.27918333
28 860 0.27492005
28 863 0.27120683
28 903 0.27263117
28 906 0.25493118
28 907 0.35800812
28 910 0.27120242
28 916 0.29367179
28 917 0.30126899
28 918 0.29818696
28 929 0.25892165
28 931 0.33096939
28 932 0.31931752
28 933 0.3670314
28 934 0.38831258
28 935 0.46046433
28 936 0.34980789
28 937 0.388998
28 947 0.26431236
28 949 0.26778767
28 950 0.31221503
28 951 0.2716493
28 952 0.25608847
28 954 0.25039566
29 4 0.37748152
29 5 0.28780025
29 6 0.34273368
29 7 0.40084472
29 8 0.41240081
29 10 0.2938365
29 13 0.34539562
29 14 0.38702339
29 16 0.26006782
29 17 0.3474701
29 21 0.25372356
29 28 0.60949433
29 29 1
29 30 0.62458426
29 31 0.45232472
29 33 0.51775753
29 34 0.36229351
29 35 0.31250829
29 37 0.25339991
29 49 -0.25555953
29 50 -0.26336718
29 322 -0.25697166
29 408 0.35712898
29 409 0.29158241
29 411 0.28692225
29 418 0.26408169
29 432 0.27214772
29 433 0.3552075
29 434 0.41801906
29 435 0.38456416
29 436 0.36897704
29 437 0.3852874
29 439 0.35762486
29 447 0.33682317
29 448 0.25794879
29 449 0.33302304
29 450 0.3374252
29 451 0.34632236
29 454 0.30654076
29 457 0.28027523
29 458 0.25903237
29 492 0.32133222
29 497 0.25101486
29 502 0.40570101
29 508 0.30659023
29 510 0.37446311
29 511 0.4663046
29 512 0.48277059
29 513 0.31113511
29 514 0.43302751
29 517 0.36592704
29 519 0.29206637
29 529 0.4608466
29 530 0.48644885
29 531 0.4205133
29 532 0.54242116
29 533 0.34871107
29 535 0.40061849
29 536 0.31389511
29 547 -0.2678833
29 551 -0.26490515
29 565 -0.2682052
29 572 -0.32081622
29 575 -0.26123899
29 576 -0.28376076
29 751 -0.2606051
29 752 -0.30853456
29 757 -0.26189885
29 771 -0.2707783
29 774 -0.28227508
29 775 -0.26548541
29 781 -0.26496691
29 790 -0.26537484
29 792 -0.2779839
29 796 -0.27731419
29 903 0.25968426
29 906 0.25786617
29 907 0.3403939
29 910 0.26184028
29 916 0.28778669
29 917 0.28061268
29 918 0.27669671
29 931 0.31970358
29 932 0.31138712
29 933 0.36450243
29 934 0.37179351
29 935 0.40127999
29 936 0.30998713
29 937 0.36074319
29 950 0.28606558
29 951 0.27602631
30 4 0.40141416
30 5 0.25792256
30 6 0.34372872
30 7 0.45758858
30 8 0.46694773
30 9 0.25177386
30 10 0.33629784
30 13 0.45616874
30 14 0.50323659
30 16 0.31203637
30 17 0.40064603
30 19 0.26714569
30 21 0.31721139
30 28 0.54203904
30 29 0.62458414
30 30 1
30 31 0.47083497
30 33 0.73742688
30 34 0.47193438
30 35 0.3412742
30 37 0.32368374
30 46 -0.2713069
30 47 -0.29202926
30 49 -0.32105619
30 50 -0.30123845
30 65 -0.25022921
30 322 -0.26310453
30 358 0.25302577
30 408 0.40602055
30 409 0.35999146
30 410 0.29165798
30 411 0.28600907
30 418 0.29409444
30 422 0.26566392
30 432 0.2676973
30 433 0.34228745
30 434 0.44819716
30 435 0.41996807
30 436 0.38301891
30 437 0.41969934
30 438 0.28383625
30 439 0.38831136
30 441 0.27330366
30 447 0.37909055
30 448 0.26974291
30 449 0.34678689
30 450 0.34232077
30 451 0.36186275
30 453 0.27547789
30 454 0.35959288
30 456 0.29623207
30 457 0.33838648
30 458 0.3386831
30 461 0.29411441
30 465 0.31407493
30 491 0.27129361
30 492 0.34045249
30 497 0.31701481
30 502 0.44234625
30 508 0.28504905
30 510 0.40955314
30 511 0.47489238
30 512 0.5313499
30 513 0.34587398
30 514 0.4714655
30 517 0.43710595
30 519 0.34289989
30 520 0.29212821
30 529 0.43224853
30 530 0.48721212
30 531 0.45714957
30 532 0.65403998
30 533 0.41956896
30 535 0.45624027
30 536 0.34738341
30 547 -0.36137947
30 548 -0.29352403
30 551 -0.3657251
30 565 -0.31475037
30 568 -0.29495719
30 572 -0.34355369
30 575 -0.26273876
30 576 -0.30055213
30 641 -0.28668222
30 642 -0.27411005
30 652 -0.25906768
30 747 -0.25854921
30 751 -0.30406624
30 752 -0.35048085
30 756 -0.28207994
30 757 -0.27996841
30 771 -0.26976693
30 774 -0.26345691
30 781 -0.28261319
30 790 -0.27596131
30 792 -0.2797474
30 796 -0.26347834
30 863 0.27227437
30 903 0.31944194
30 907 0.36717924
30 916 0.31173545
30 917 0.29713616
30 918 0.29907504
30 931 0.31233656
30 932 0.30720812
30 933 0.35602519
30 934 0.37872714
30 935 0.41443273
30 936 0.2797682
30 937 0.35874161
30 947 0.30236664
30 949 0.30629975
30 950 0.33291775
30 951 0.30155814
30 952 0.26730314
30 954 0.26684394
30 956 0.25151268
31 4 0.32098874
31 5 0.27964556
31 7 0.35016078
31 8 0.34048283
31 10 0.36249334
31 13 0.31757787
31 14 0.36398616
31 17 0.30371395
31 21 0.26131642
31 28 0.44329816
31 29 0.45232478
31 30 0.47083497
31 31 1
31 33 0.4217419
31 34 0.41276079
31 35 0.53962952
31 37 0.37447512
31 64 -0.25827867
31 187 0.26638263
31 408 0.26165402
31 434 0.26156738
31 435 0.25251186
31 447 0.2542569
31 454 0.27561772
31 457 0.27960077
31 502 0.43070906
31 507 0.28914618
31 508 0.26293665
31 510 0.37610373
31 511 0.34352675
31 512 0.41164893
31 513 0.31631213
31 514 0.37200695
31 517 0.27596059
31 529 0.40022907
31 530 0.3771376
31 531 0.42512208
31 532 0.46129784
31 533 0.50949419
31 534 0.2728624
31 535 0.38555369
31 536 0.33248958
31 565 -0.28657359
31 572 -0.281106
31 688 0.40290928
31 752 -0.26250279
31 769 -0.25610554
31 771 -0.27708545
31 774 -0.28494436
31 775 -0.30061707
31 931 0.25657594
31 932 0.25838336
31 933 0.27834091
31 934 0.27660781
31 935 0.2518076
31 937 0.33354744
32 32 1
32 35 0.43548766
32 36 0.52449524
32 37 0.35889581
32 38 0.25310662
32 39 0.31466028
32 80 0.3095319
32 82 0.32671756
32 187 0.25430733
32 188 0.45679775
32 189 0.33264256
32 190 0.27465245
32 534 0.32040235
32 540 0.27213702
32 689 0.35338181
32 690 0.261585
33 4 0.34163088
33 6 0.32193515
33 7 0.39795044
33 8 0.44316
33 9 0.2538138
33 10 0.320748
33 13 0.48379439
33 14 0.56173295
33 16 0.27331263
33 17 0.40517458
33 18 0.26465634
33 19 0.26730371
33 21 0.28168124
33 28 0.46016979
33 29 0.51775753
33 30 0.73742682
33 31 0.4217419
33 33 1
33 34 0.589598
33 35 0.39000311
33 37 0.3656404
33 46 -0.27908584
33 47 -0.27354592
33 49 -0.3145183
33 50 -0.28765053
33 408 0.38413146
33 409 0.31333047
33 410 0.2534855
33 432 0.25474876
33 433 0.34887695
33 434 0.42016137
33 435 0.40202492
33 436 0.36586508
33 437 0.39491457
33 439 0.33732179
33 441 0.2614966
33 447 0.37849671
33 448 0.27658674
33 449 0.35372189
33 450 0.33258194
33 451 0.35126984
33 453 0.25806904
33 454 0.32350171
33 456 0.27946439
33 457 0.33142167
33 458 0.30964163
33 461 0.26644373
33 465 0.26648277
33 491 0.26384181
33 492 0.33737731
33 497 0.30872348
33 502 0.41447735
33 508 0.2815527
33 510 0.39859098
33 511 0.42678037
33 512 0.4665606
33 513 0.3197639
33 514 0.4518941
33 517 0.41510186
33 519 0.30443794
33 520 0.25129157
33 529 0.34162849
33 530 0.4065733
33 531 0.46024078
33 532 0.58465743
33 533 0.38889563
33 535 0.48187226
33 536 0.36569685
33 547 -0.31934413
33 548 -0.27291414
33 551 -0.35397637
33 565 -0.27469632
33 572 -0.32032305
33 576 -0.27250439
33 641 -0.27736297
33 642 -0.2754271
33 728 -0.25684077
33 731 -0.25179747
33 747 -0.26161507
33 751 -0.28891307
33 752 -0.3379555
33 756 -0.26755154
33 757 -0.25598755
33 771 -0.25469881
33 774 -0.262532
33 775 -0.26118979
33 781 -0.30614942
33 790 -0.26471186
33 792 -0.28869468
33 796 -0.26550555
33 836 -0.25308949
33 903 0.31873208
33 907 0.35275248
33 916 0.31624648
33 931 0.2783407
33 932 0.31456158
33 933 0.32974997
33 934 0.3406629
33 935 0.37800944
33 936 0.26399615
33 937 0.32042629
33 947 0.26928326
33 949 0.2836639
33 950 0.2864154
33 951 0.28770939
33 952 0.26861274
33 954 0.27242652
34 4 0.27002814
34 8 0.29206777
34 13 0.29229838
34 14 0.41707936
34 17 0.28231236
34 18 0.26301771
34 27 0.30748564
34 28 0.3106162
34 29 0.36229354
34 30 0.47193438
34 31 0.41276079
34 33 0.58959806
34 34 1
34 35 0.51918614
34 37 0.5993107
34 434 0.29079607
34 435 0.27062333
34 437 0.25535449
34 451 0.26186177
34 454 0.25779462
34 497 0.25247392
34 502 0.35943234
34 510 0.28559503
34 511 0.29220149
34 512 0.35746625
34 513 0.29389599
34 514 0.31104222
34 517 0.29798695
34 527 0.25867635
34 529 0.27387655
34 530 0.32652149
34 531 0.39811236
34 532 0.44922858
34 533 0.356617
34 535 0.57667649
34 536 0.4530901
34 540 0.30149892
34 551 -0.25858921
34 656 -0.2535589
34 659 -0.25846171
34 728 -0.26776063
34 731 -0.25647166
34 752 -0.28315195
34 771 -0.25210419
34 774 -0.25233644
34 934 0.25198823
34 937 0.27360323
35 8 0.26878145
35 14 0.27172717
35 26 0.28168809
35 27 0.25622803
35 28 0.27611586
35 29 0.31250829
35 30 0.3412742
35 31 0.53962952
35 32 0.43548766
35 33 0.39000311
35 34 0.51918614
35 35 1
35 36 0.3438907
35 37 0.53064942
35 38 0.33195588
35 39 0.32407925
35 80 0.2869671
35 187 0.2696754
35 188 0.33102244
35 206 0.26277396
35 454 0.26003245
35 502 0.30264631
35 512 0.27052501
35 527 0.25532615
35 529 0.28521025
35 531 0.33264071
35 532 0.33599892
35 533 0.41819125
35 534 0.40854234
35 535 0.43780676
35 536 0.33549458
35 540 0.33120513
35 688 0.36660123
35 689 0.30576497
35 747 -0.25611615
36 32 0.52449524
36 35 0.3438907
36 36 1
36 37 0.40792465
36 38 0.48380241
36 39 0.53611362
36 80 0.43644685
36 82 0.47089967
36 83 0.29900822
36 84 0.35161769
36 85 0.25970688
36 88 0.297133
36 188 0.52035081
36 189 0.41009951
36 190 0.37705407
36 191 0.28741854
36 205 0.30182102
36 206 0.26055783
36 307 0.25827152
36 319 0.26595455
36 537 0.30325714
36 539 0.29719031
36 540 0.42743358
36 578 0.39076298
36 579 0.31017625
36 582 0.30494753
36 583 0.2672253
36 584 0.32851109
36 689 0.3784987
36 690 0.3348057
36 691 0.25241569
36 821 0.26252437
37 14 0.25124601
37 18 0.35914159
37 25 0.26144701
37 26 0.39374211
37 27 0.3928389
37 29 0.25339991
37 30 0.32368374
37 31 0.37447509
37 32 0.35889584
37 33 0.3656404
37 34 0.5993107
37 35 0.53064942
37 36 0.40792459
37 37 1
37 38 0.52631599
37 39 0.43869686
37 58 0.2821866
37 80 0.37025562
37 188 0.29087836
37 204 0.28512681
37 205 0.33768588
37 206 0.3242299
37 268 -0.27983242
37 319 0.28408328
37 457 0.26337785
37 513 0.27264816
37 520 0.34102443
37 527 0.3699401
37 532 0.29591233
37 533 0.34099597
37 534 0.29559994
37 535 0.44655022
37 536 0.54279935
37 537 0.28802973
37 539 0.32201812
37 540 0.4756462
37 548 -0.26342541
37 565 -0.29275852
37 568 -0.25036621
37 572 -0.27800328
37 578 0.33088827
37 657 -0.28000325
37 688 0.29632568
37 689 0.29397517
37 706 0.30662158
37 707 0.33795071
37 721 -0.25332853
37 728 -0.30088848
37 731 -0.32991692
37 747 -0.30394861
37 752 -0.36682144
37 755 -0.28099459
37 756 -0.27820486
37 769 -0.28973779
37 771 -0.32736313
37 774 -0.3120603
37 775 -0.32412592
37 821 0.2806417
37 822 0.27895898
38 26 0.54092395
38 27 0.4699432
38 32 0.25310662
38 35 0.33195588
38 36 0.48380238
38 37 0.52631599
38 38 1
38 39 0.63166952
38 58 0.26449507
38 80 0.45115861
38 82 0.36529982
38 84 0.32012409
38 88 0.29604769
38 91 0.29783928
38 96 0.25780994
38 188 0.44530949
38 189 0.31846577
38 190 0.32438213
38 204 0.28241846
38 205 0.35833189
38 206 0.39817104
38 254 -0.2584469
38 307 0.2692723
38 317 0.28233871
38 319 0.29059398
38 320 0.28036195
38 527 0.29049918
38 528 0.28248587
38 535 0.25319394
38 536 0.40535158
38 537 0.36818844
38 538 0.26436377
38 539 0.45373654
38 540 0.55660695
38 578 0.45025045
38 579 0.29679585
38 582 0.281223
38 583 0.34664527
38 584 0.35264775
38 586 0.25513357
38 689 0.32440707
38 706 0.33523378
38 707 0.31176311
38 819 0.25124067
38 821 0.27757344
38 822 0.30880985
39 26 0.32059866
39 27 0.38800102
39 32 0.31466028
39 35 0.32407925
39 36 0.53611362
39 37 0.43869686
39 38 0.63166952
39 39 1
39 58 0.33435446
39 62 0.26656586
39 80 0.56169164
39 81 0.31935948
39 82 0.5010367
39 84 0.35444507
39 85 0.26409501
39 88 0.32300919
39 91 0.26396614
39 188 0.5089637
39 189 0.44450945
39 190 0.36332589
39 191 0.25295314
39 204 0.26888588
39 205 0.3055838
39 206 0.28340131
39 307 0.25315356
39 319 0.2726751
39 527 0.26299286
39 528 0.28311369
39 536 0.31369215
39 537 0.34796676
39 538 0.34965867
39 539 0.47485393
39 540 0.48334432
39 578 0.53311622
39 579 0.37837321
39 582 0.34320787
39 583 0.38245574
39 584 0.41816545
39 586 0.27374813
39 689 0.32420406
39 690 0.31503639
39 691 0.29182979
39 706 0.27066693
39 707 0.25286239
40 1 0.25246868
40 3 0.25093403
40 20 0.25823107
40 21 0.25199896
40 40 1
40 41 0.25979215
40 44 0.33498546
40 45 0.2553288
40 46 0.48071355
40 47 0.33376974
40 48 0.30451655
40 49 0.25250202
40 50 0.43862
40 51 0.37190023
40 52 0.37729093
40 53 0.29692847
40 57 0.25072995
40 139 0.28245816
40 140 0.25322089
40 248 0.25785959
40 505 0.31318897
40 506 0.27745175
40 541 0.30917203
40 546 0.26547045
40 548 0.25702429
40 550 0.29142675
40 551 0.28696769
40 552 0.36008769
40 644 0.26930898
41 2 0.29551768
41 20 0.39896452
41 21 0.58534116
41 22 0.41219535
41 23 0.47888508
41 40 0.25979215
41 41 1
41 42 0.53928876
41 43 0.37841463
41 44 0.61235738
41 45 0.46087852
41 48 0.26773444
41 51 0.31021953
41 52 0.38225654
41 53 0.43418297
41 54 0.41420621
41 55 0.30910426
41 56 0.29109538
41 57 0.3193931
41 67 0.31115931
41 141 0.37895653
41 144 0.35069388
41 248 0.28919458
41 249 0.39018458
41 250 0.30652457
41 251 0.41046286
41 252 0.30171478
41 254 0.25757483
41 284 0.26048404
41 286 0.2896232
41 313 -0.25535673
41 470 0.25655979
41 471 0.32541695
41 472 0.40739101
41 477 0.30578619
41 486 0.28234476
41 488 0.2829394
41 489 0.27879855
41 506 0.28835869
41 523 0.34109807
41 524 0.28349724
41 525 0.36990958
41 543 0.35855016
41 546 0.27770182
41 733 -0.286926
41 769 -0.27429038
41 795 -0.29182369
42 20 0.31299666
42 21 0.29128164
42 22 0.30450183
42 23 0.42908278
42 41 0.5392887
42 42 1
42 43 0.48150915
42 44 0.3864204
42 45 0.35801342
42 48 0.28862971
42 51 0.29997858
42 52 0.36981314
42 53 0.35256973
42 54 0.34992605
42 55 0.29666802
42 56 0.2744191
42 57 0.32751897
42 67 0.56953532
42 74 0.34028792
42 75 0.26883656
42 76 0.29241401
42 144 0.31656241
42 145 0.28316718
42 146 0.29050174
42 251 0.27185625
42 254 0.34094658
42 255 0.25532597
42 523 0.26859421
42 524 0.27696896
42 525 0.3637476
42 543 0.36812836
42 544 0.28243667
42 553 0.2622757
42 558 0.25275049
42 564 0.32252091
43 21 0.25943816
43 23 0.34810036
43 41 0.37841463
43 42 0.48150915
43 43 1
43 44 0.41863948
43 45 0.47972304
43 46 0.27127683
43 48 0.36072767
43 51 0.26139203
43 52 0.33643952
43 53 0.37400073
43 54 0.41763407
43 55 0.37228149
43 56 0.37979573
43 57 0.39481744
43 67 0.4478448
43 68 0.31180155
43 74 0.39455852
43 75 0.37902096
43 76 0.33040747
43 144 0.30778107
43 145 0.32473224
43 146 0.27339798
43 151 0.25971836
43 249 0.27799866
43 251 0.26580653
43 252 0.28328919
43 254 0.29950655
43 471 0.2592434
43 543 0.25690913
43 544 0.34025115
43 549 0.2564216
43 555 0.31840032
43 556 0.29077929
43 557 0.29463014
43 558 0.2682932
44 20 0.37344104
44 21 0.46456414
44 23 0.30704999
44 40 0.33498544
44 41 0.61235744
44 42 0.3864204
44 43 0.41863948
44 44 1
44 45 0.37122795
44 46 0.33231622
44 51 0.30782086
44 52 0.29720441
44 53 0.39943081
44 54 0.33040938
44 55 0.26577607
44 56 0.27074632
44 57 0.33366007
44 141 0.28543437
44 249 0.31816441
44 250 0.29380623
44 251 0.25052124
44 284 0.31211156
44 286 0.29003143
44 307 0.26351705
44 466 0.25913435
44 470 0.25050944
44 471 0.30940422
44 472 0.31929401
44 477 0.29825419
44 478 0.273507
44 486 0.27723584
44 489 0.28746191
44 543 0.29186884
45 21 0.34622949
45 23 0.33446172
45 40 0.2553288
45 41 0.46087852
45 42 0.35801342
45 43 0.47972304
45 44 0.37122798
45 45 1
45 46 0.27518016
45 48 0.43146625
45 51 0.29670078
45 52 0.3301889
45 53 0.34130579
45 54 0.47909817
45 55 0.30236816
45 56 0.25344187
45 57 0.27463946
45 67 0.29134694
45 75 0.29296863
45 76 0.31735817
45 141 0.27831414
45 144 0.29911622
45 145 0.29060504
45 248 0.31148604
45 249 0.34420133
45 251 0.36429366
45 254 0.30487865
45 286 0.2679221
45 472 0.25106966
45 506 0.28974921
45 525 0.25201866
45 543 0.27926585
45 545 0.25292724
45 546 0.31835985
45 550 0.25100794
45 555 0.25993448
45 556 0.2959742
46 7 -0.26024675
46 8 -0.26153934
46 30 -0.2713069
46 33 -0.27908584
46 40 0.48071355
46 43 0.27127683
46 44 0.33231622
46 45 0.27518016
46 46 1
46 47 0.3542591
46 48 0.40184364
46 49 0.36630017
46 50 0.4131259
46 51 0.28699788
46 52 0.28556347
46 53 0.25256705
46 139 0.25557971
46 437 -0.25040185
46 505 0.29201874
46 512 -0.26605204
46 530 -0.25169969
46 541 0.27587909
46 546 0.29563501
46 547 0.32843009
46 548 0.29979324
46 549 0.29793
46 550 0.27476555
46 551 0.33080533
46 552 0.31392562
46 934 -0.26781309
47 1 0.25377402
47 27 -0.25187123
47 30 -0.29202926
47 33 -0.27354592
47 40 0.33376974
47 46 0.35425907
47 47 1
47 49 0.52666062
47 50 0.33717546
47 64 0.25010312
47 65 0.25146121
47 447 -0.25554439
47 451 -0.25473022
47 536 -0.2573393
47 547 0.34465808
47 548 0.32604471
47 551 0.30226892
47 747 0.25610045
47 752 0.26287156
48 40 0.30451655
48 41 0.26773441
48 42 0.28862971
48 43 0.36072764
48 45 0.43146625
48 46 0.40184364
48 48 1
48 49 0.25991201
48 50 0.32702306
48 51 0.27232203
48 52 0.38364261
48 53 0.4140839
48 54 0.36224279
48 57 0.31179425
48 67 0.27435237
48 74 0.28304809
48 145 0.30423057
48 248 0.25147194
48 251 0.29426804
48 286 0.26609525
48 541 0.26375026
48 543 0.26426417
48 546 0.28260574
48 549 0.28331855
48 550 0.30156618
48 553 0.25755718
48 558 0.25349417
49 13 -0.25345591
49 14 -0.25084785
49 29 -0.25555956
49 30 -0.32105619
49 33 -0.3145183
49 40 0.25250202
49 46 0.3663002
49 47 0.52666062
49 48 0.25991201
49 49 1
49 50 0.43684205
49 65 0.27116552
49 139 0.2750991
49 517 -0.27425927
49 532 -0.26419359
49 535 -0.2582615
49 536 -0.28041756
49 547 0.40719867
49 548 0.38093695
49 551 0.32267198
50 29 -0.26336718
50 30 -0.30123845
50 33 -0.28765053
50 40 0.43862
50 46 0.4131259
50 47 0.33717546
50 48 0.32702306
50 49 0.43684205
50 50 1
50 51 0.45990413
50 52 0.34453875
50 65 0.25157624
50 68 0.25713801
50 69 0.2578128
50 139 0.53173828
50 140 0.39829367
50 141 0.27238303
50 142 0.28585583
50 144 0.28750664
50 210 0.38600254
50 211 0.3217814
50 212 0.26959306
50 245 0.26753742
50 246 0.25427997
50 248 0.27005714
50 251 0.25301903
50 252 0.25833917
50 408 -0.26024669
50 434 -0.29098627
50 435 -0.25213751
50 437 -0.25914097
50 439 -0.26865289
50 447 -0.25335655
50 448 -0.25501004
50 450 -0.27196279
50 505 0.28955412
50 512 -0.26664886
50 532 -0.25540084
50 541 0.27537304
50 547 0.37032133
50 548 0.42348987
50 549 0.27672869
50 550 0.26373163
50 551 0.47592339
50 552 0.46076909
50 553 0.27581787
50 641 0.32491526
50 642 0.29643658
50 643 0.25203747
50 644 0.37968504
50 742 0.26964232
50 743 0.3001793
50 746 0.27434596
50 747 0.2624439
50 748 0.30351317
50 749 0.25137421
50 750 0.2609579
50 751 0.26397896
50 935 -0.25863481
51 20 0.26304466
51 40 0.37190023
51 41 0.31021953
51 42 0.29997858
51 43 0.26139206
51 44 0.30782086
51 45 0.29670072
51 46 0.28699788
51 48 0.27232203
51 50 0.45990419
51 51 1
51 52 0.57339209
51 53 0.27501771
51 65 0.26162285
51 68 0.31479093
51 100 0.25525117
51 139 0.39202595
51 140 0.46016297
51 141 0.44729781
51 142 0.37059611
51 144 0.42620301
51 210 0.35145035
51 212 0.29250079
51 213 0.29966992
51 214 0.31553161
51 220 0.27358416
51 241 0.26431984
51 245 0.31956646
51 246 0.33974832
51 247 0.29003388
51 248 0.31186491
51 249 0.2531507
51 250 0.29305327
51 251 0.29591328
51 252 0.31191576
51 253 0.32087585
51 254 0.31321469
51 470 0.2939015
51 488 0.31135163
51 498 0.26136687
51 505 0.25659144
51 541 0.25897637
51 543 0.27075183
51 548 0.26498488
51 551 0.31577334
51 552 0.45287624
51 553 0.34035972
51 558 0.25955093
51 644 0.37225604
51 743 0.27667341
51 744 0.28418678
51 745 0.25508767
51 748 0.28539497
51 749 0.2752369
52 20 0.28980166
52 21 0.30203342
52 40 0.37729093
52 41 0.38225654
52 42 0.36981314
52 43 0.33643952
52 44 0.29720441
52 45 0.3301889
52 46 0.28556347
52 48 0.38364261
52 50 0.34453875
52 51 0.57339209
52 52 1
52 53 0.50838488
52 54 0.28350133
52 57 0.36634144
52 67 0.25278133
52 68 0.25915912
52 139 0.31107318
52 140 0.36667332
52 141 0.45257679
52 142 0.29447851
52 144 0.48512679
52 145 0.35085642
52 146 0.29820716
52 210 0.26626635
52 212 0.31653458
52 213 0.3440944
52 214 0.27519026
52 215 0.25929305
52 220 0.35524008
52 241 0.2985943
52 245 0.33840623
52 246 0.37570155
52 247 0.34855995
52 248 0.41079888
52 249 0.34622559
52 250 0.31141162
52 251 0.36383033
52 252 0.35041907
52 253 0.40522784
52 254 0.36617902
52 470 0.30892754
52 472 0.32774568
52 477 0.25370735
52 486 0.25226143
52 498 0.25782546
52 543 0.30632672
52 551 0.26650891
52 552 0.36108893
52 553 0.38225871
52 557 0.25627843
52 558 0.32339475
52 644 0.30263352
53 20 0.28803685
53 21 0.37906256
53 22 0.28414506
53 23 0.27967057
53 40 0.29692847
53 41 0.43418297
53 42 0.35256973
53 43 0.3740007
53 44 0.39943081
53 45 0.34130579
53 46 0.25256705
53 48 0.4140839
53 51 0.27501771
53 52 0.50838488
53 53 1
53 54 0.54793179
53 55 0.40428931
53 56 0.38598317
53 57 0.57304442
53 67 0.27080268
53 74 0.27528417
53 141 0.28202671
53 144 0.42187446
53 145 0.40147561
53 146 0.3391127
53 213 0.30668169
53 220 0.31776005
53 221 0.30569893
53 246 0.28727239
53 247 0.26809368
53 248 0.27383554
53 249 0.30462775
53 250 0.28884244
53 251 0.36150715
53 252 0.27797475
53 253 0.35207653
53 254 0.29048619
53 255 0.25418186
53 256 0.27258456
53 260 -0.26035395
53 286 0.25343052
53 313 -0.26538023
53 464 0.26230794
53 470 0.28127924
53 471 0.38888592
53 472 0.38159281
53 477 0.26434404
53 543 0.31949663
53 553 0.27689689
53 554 0.25533178
53 556 0.28314713
53 557 0.36051339
53 558 0.33096689
53 593 -0.26360983
53 631 -0.2568391
53 769 -0.26486942
53 824 -0.28235534
53 829 -0.25230002
54 21 0.32615858
54 23 0.36743301
54 41 0.41420621
54 42 0.34992608
54 43 0.41763407
54 44 0.33040938
54 45 0.47909817
54 48 0.36224279
54 52 0.28350133
54 53 0.54793179
54 54 1
54 55 0.53337711
54 56 0.35062417
54 57 0.39184347
54 67 0.35603055
54 74 0.28055009
54 75 0.37267095
54 76 0.40451184
54 77 0.3198413
54 78 0.31017387
54 136 0.30599427
54 144 0.27323517
54 145 0.32468694
54 146 0.34495512
54 151 0.31470445
54 249 0.26460001
54 251 0.38203382
54 254 0.29187247
54 255 0.29390696
54 260 -0.27495831
54 286 0.29312962
54 290 0.30379125
54 293 0.29787368
54 464 0.28936177
54 471 0.34943244
54 472 0.32350746
54 477 0.27152976
54 554 0.25991005
54 555 0.28514725
54 556 0.34573054
54 557 0.32609078
54 558 0.26668715
54 593 -0.26097232
54 622 -0.25080797
54 763 -0.25072953
54 769 -0.26247698
55 21 0.26230419
55 23 0.25428092
55 41 0.30910426
55 42 0.29666802
55 43 0.37228149
55 44 0.26577604
55 45 0.30236816
55 53 0.40428931
55 54 0.53337711
55 55 1
55 56 0.59698993
55 57 0.44736052
55 67 0.28396928
55 74 0.30588633
55 75 0.51862985
55 76 0.26145825
55 78 0.25014132
55 131 0.27892056
55 144 0.26714247
55 145 0.31216121
55 146 0.25472492
55 151 0.27332121
55 555 0.30009884
55 556 0.31671548
55 557 0.3386153
56 41 0.29109538
56 42 0.2744191
56 43 0.37979573
56 44 0.27074632
56 45 0.25344187
56 53 0.38598317
56 54 0.35062417
56 55 0.59698993
56 56 1
56 57 0.49246997
56 74 0.33386666
56 75 0.43754894
56 131 0.33164507
56 144 0.25028071
56 145 0.3195757
56 466 0.28160536
56 471 0.26371616
56 544 0.29032546
56 555 0.2652359
56 556 0.2914055
56 557 0.32436374
56 570 0.25221747
57 40 0.25072995
57 41 0.3193931
57 42 0.32751897
57 43 0.39481744
57 44 0.33366007
